dim 100 100 100
putsphere 15 20 15 6 139 0 139 1
putbox 13 17 5 14 13 17 139 69 19 1
putsphere 19 7 19 3 139 0 139 1
cutsphere 19 10 19 2 255 255 255 0
putsphere 37 20 15 6 199 21 133 1
putbox 35 39 5 14 13 17 139 69 19 1
putellipsoid 41 7 19 3 2 3 199 21 133 1
cutellipsoid 41 10 19 1 2 1 255 255 255 0
putsphere 26 20 26 6 178 34 34 1
putbox 24 28 5 14 24 28 139 69 19 1
putellipsoid 30 7 30 3 2 3 178 34 34 1
cutellipsoid 30 10 30 1 2 1 255 255 255 0
putsphere 37 20 37 6 50 205 50 1
putbox 35 39 5 14 35 39 139 69 19 1
putsphere 41 7 41 3 50 205 50 1
cutsphere 41 10 41 2 255 255 255 0
putbox 2 11 5 7 17 54 0 0  205 1
putbox 12 20 5 7 25 54 0 0 205 1
putbox 20 31 5 7 36 54 0 0 205 1
putbox 31 36 5 7 45 54 0 0 205 1
cutbox 2 7 5 7 45 54 255 255 255 0
cutbox 2 3 5 7 42 54 255 255 255 0
cutbox 2 12 5 7 50 54 255 255 255 0
putellipsoid 12 8 34 3 2 3 50 205 50 1
putellipsoid 12 8 34 1 2 1 199 21 133 1
putellipsoid 20 8 45 3 2 3 50 205 50 1
putellipsoid 20 8 45 1 2 1 199 21 133 1
putellipsoid 28 4 28 28 2 28 0 100 0 0.5
putvoxel 50 50 50 199 21 133 1
cutvoxel 50 50 50 0 0 0 0